version: 2.0
octavemin: -1
octavemax: 7

a: [4 / 0] [+1]
b: [2 / 0] [+2]
c: [2;2 / 0;1] [0]
d: [1 / 0] [-2]
e: [1;1 / 0;-1] [-1]
f: [0,5 / 0] [+1]
g: [0,5;0,5 / 0;1] [-1]
h: [0,5;0,5;0,5;0,5 / 0;1;2;1] [+2]
i: [0,25;0,25 / 0;-1] [+2]
j: [0,25;0,25;0,25;0,25 / 0;2;1;0] [-2]
k: [3 / 0] [0]
l: [1,5 / 0] [+3]
m: [-0,5 / 0] [+1]
n: [-1 / 0] [-1]
o: [2;2 / 0;-1] [-2]
p: [0,5;0,5;0,5;0,5 / 0;-1;0;1] [-3]
q: [-2 / 0] [+7]
r: [1 / 0] [+3]
s: [0,5;0,5 / 0;-1] [-3]
t: [1,5;0,5 / 0;-1] [+4]
u: [0,5;0,5;0,5;0,5 / 0;0;1;1] [-4]
v: [3;1 / 0;-1] [-6]
w: [0,5 / 0] [-5]
x: [1;1 / 0;1] [+6]
y: [2 / 0] [-7]
z: [1 / 0] [+5]
ä: [1;0,5;0,5 / 0;-1;1] [0]
ö: [0,5 / 0] [+1]
ü: [0,5 / 0] [-1]

ß: [0,25;0,25;0,25;0,25 / 0;1;2;3] [0]

A: [1;1;1;1 / 0;-1;-2;-3] [0]
B: [1;1;1;1 / 0;1;2;3] [+1]
C: [0,5;0,5;0,5;0,5 / 0;2;4;5] [0]
D: [0,5;0,5;0,5;0,5 / 0;-2;-4;-5] [-1]
E: [1;1 / 0;2] [+2]
F: [1;1 / 0;-2] [-2]
G: [0,5;0,5;0,5;0,5;0,5;0,5;0,5;0,5 / 0;1;2;1;2;3;2;3] [-2]
H: [0,5;0,5;0,5;0,5;0,5;0,5;0,5;0,5 / 0;-1;-2;-1;-2;-3;-2;-3] [+1]
I: [0,25;0,25;0,25;0,25 / 0;1;0;1] [-1]
J: [0,25;0,25;0,25;0,25 / 0;1;0;2] [+3]
K: [0,25;0,25;0,25;0,25 / 0;2;1;-1] [+4]
L: [0,25;0,25;0,25;0,25;0,25;0,25;0,25;0,25 / 0;-1;0;1;2;1;0;-1] [-3]
M: [0,25;0,25;0,25;0,25;0,25;0,25;0,25;0,25 / 0;1;2;0;1;2;3;1] [+1]
N: [0,25;0,25;0,25;0,25;0,25;0,25;0,25;0,25 / 0;-1;-2;-3;-2;-3;-2;-1] [-1]
O: [-4 / 0] [+2]
P: [0,25;0,25;0,25;0,25 / 0;2;4;2] [-2]
Q: [2;2 / 0;-1] [-4]
R: [0,25;0,25;0,25;0,25 / 0;-2;-4;-2] [0]
S: [1;1 / 0;-2] [+1]
T: [1;1 / 0;-3] [-1]
U: [1;1 / 0;3] [+2]
V: [1;1 / 0;2] [+5]
W: [1;1;1;1 / 0;2;-1;1] [-2]
X: [1;1;1;1 / 0;-2;1;2] [-5]
Y: [0,5;0,5;0,5;0,5 / 0;-1;-3;-2] [+6]
Z: [0,5;0,5;0,5;0,5 / 0;1;-1;-2] [+2]
Ä: [0,5;0,5;0,5;0,5 / 0;-1;0;-1] [-6]
Ö: [0,5;0,5;0,5;0,5 / 0;1;2;1] [+7]
Ü: [0,5;0,5;0,5;0,5 / 0;-1;-2;-1] [-7]
